#CELL 0 6
3	1328	295	4	1	1	0	6	134
6	1312	144	2	4	2	0	6	87
6	1328	326	2	7	6	0	6	188
16	1169	224	5	0	6	38
16	1201	192	5	0	6	179
16	1329	112	5	0	6	15
16	1345	112	5	0	6	34
16	1361	112	5	0	6	86
#CELL 0 7
3	1376	295	4	1	1	0	7	100
3	1424	295	4	1	1	0	7	169
9	1440	128	2	1	1	0	7	112
10	1407	191	2	4	1	0	7	129
10	1487	175	2	13	1	0	7	178
6	1312	144	2	4	2	0	7	183
6	1328	326	2	7	6	0	7	22
16	1361	112	5	0	7	75
16	1473	112	5	0	7	76
16	1489	112	5	0	7	3
16	1537	128	5	0	7	61
16	1553	128	5	0	7	1
#CELL 0 11
1	2256	304	2	1	1	0	11	171
1	2272	304	2	1	1	0	11	138
6	2176	272	2	3	9	0	11	159
7	2256	112	14	2	12	1	0	0	0	11	199
#CELL 0 8
10	1487	175	2	13	1	0	8	190
16	1553	128	5	0	8	185
16	1569	128	5	0	8	32
16	1585	128	5	0	8	132
16	1617	112	5	0	8	121
16	1633	112	5	0	8	25
16	1649	112	5	0	8	149
16	1665	112	5	0	8	60
16	1697	144	5	0	8	139
16	1729	112	5	0	8	79
#CELL 0 2
6	512	304	2	4	7	0	2	31
8	416	320	11	1	1	2	0	2	0
#CELL 0 9
16	1761	128	5	0	9	66
16	1809	96	5	0	9	71
16	1841	128	5	0	9	63
#CELL 0 1
8	224	304	11	1	1	1	0	1	135
8	240	304	11	1	1	1	0	1	51
#CELL 0 5
16	1073	320	5	0	5	189
16	1105	288	5	0	5	143
16	1137	256	5	0	5	187
16	1169	224	5	0	5	180
#CELL 1 10
3	2112	340	4	2	2	1	10	78
9	1952	400	2	1	1	1	10	99
9	1968	400	2	1	1	1	10	35
9	1968	384	2	1	1	1	10	94
9	1984	400	2	1	1	1	10	103
9	1984	384	2	1	1	1	10	11
9	1984	368	2	1	1	1	10	122
9	2000	400	2	1	1	1	10	133
9	2000	384	2	1	1	1	10	73
9	2000	368	2	1	1	1	10	141
9	2016	400	2	1	1	1	10	111
9	2016	384	2	1	1	1	10	53
9	2016	368	2	1	1	1	10	68
9	2032	400	2	1	1	1	10	147
9	2032	384	2	1	1	1	10	44
9	2032	368	2	1	1	1	1	10	62
9	2048	400	2	1	1	1	10	157
9	2096	400	2	1	1	1	10	37
9	2096	384	2	1	1	1	10	59
9	2112	400	2	1	1	1	10	123
5	1664	416	22	36	1	1	10	193
5	1968	464	22	8	12	1	10	26
5	2096	624	22	8	2	1	10	137
5	2128	464	22	12	1	1	10	173
6	2144	368	2	3	3	1	10	168
7	2096	464	14	2	1	0	1	1	1	10	128
#CELL 1 2
3	576	350	4	2	2	1	2	41
2	528	397	3	1	1	2	162
5	0	416	22	39	1	1	2	106
6	400	368	2	5	3	1	2	55
6	464	336	2	4	5	1	2	174
6	512	304	2	4	7	1	2	52
6	512	384	2	6	2	1	2	30
8	416	320	11	1	1	2	1	2	49
#CELL 1 3
3	576	350	4	2	2	1	3	67
5	0	416	22	39	1	1	3	40
5	624	400	22	29	1	1	3	48
6	512	384	2	6	2	1	3	107
8	656	384	11	1	1	2	1	3	119
8	704	352	11	1	1	1	1	3	198
#CELL 1 7
3	1472	370	4	2	1	1	7	124
1	1504	336	2	1	1	1	7	91
1	1520	336	2	1	1	1	7	195
5	1536	416	22	5	1	1	7	170
5	1505	336	22	2	1	1	7	156
6	1264	384	2	7	2	1	7	57
6	1296	352	2	7	4	1	7	9
6	1328	326	2	7	6	1	7	13
8	1472	368	11	1	1	2	1	7	8
#CELL 1 9
4	1800	384	6	2	3	1	9	27
4	1864	384	6	3	2	1	9	161
5	1664	416	22	36	1	1	9	101
7	1792	384	14	2	2	1	9	2
7	1856	368	14	2	3	1	9	20
#CELL 1 1
2	224	390	3	1	1	1	158
4	360	384	6	3	1	1	1	81
5	0	416	22	39	1	1	1	88
6	240	368	2	3	3	1	1	155
6	270	336	2	3	5	1	1	167
7	352	368	14	2	3	1	1	83
8	192	352	11	1	1	1	1	1	16
#CELL 1 4
2	832	380	3	1	1	4	64
2	880	380	3	1	1	4	105
2	944	375	3	2	1	4	145
5	624	400	22	29	1	1	4	46
#CELL 1 8
1	1568	400	2	1	1	1	8	142
1	1584	400	2	1	1	1	8	36
1	1584	384	2	1	1	1	8	191
1	1600	400	2	1	1	1	8	4
1	1600	384	2	1	1	1	8	102
1	1600	368	2	1	1	1	8	153
1	1664	368	2	1	1	1	8	92
1	1664	384	2	1	1	1	8	182
1	1664	400	2	1	1	1	8	21
1	1680	384	2	1	1	1	8	116
1	1680	400	2	1	1	1	8	118
1	1696	400	2	1	1	1	8	95
5	1536	416	22	5	1	1	8	150
5	1664	416	22	36	1	1	8	6
5	1569	400	22	1	1	1	8	166
5	1585	384	22	1	2	1	8	176
5	1601	368	22	1	3	1	8	131
5	1665	368	22	1	3	1	8	108
5	1681	384	22	1	2	1	8	144
5	1697	400	22	1	1	1	8	39
#CELL 1 11
1	2256	368	2	1	1	1	11	47
1	2272	368	2	1	1	1	11	126
5	1664	416	22	36	1	1	11	148
5	2256	416	22	35	1	1	11	29
5	2096	624	22	8	2	1	11	82
5	2224	608	22	1	3	1	11	33
5	2240	593	22	1	4	1	11	115
5	2256	576	22	1	5	1	11	104
5	2272	560	22	1	6	1	11	130
5	2288	544	22	1	7	1	11	177
5	2304	528	22	3	8	1	11	186
5	2128	464	22	12	1	1	11	97
6	2144	368	2	3	3	1	11	10
6	2176	272	2	3	9	1	11	24
7	2256	384	14	2	2	1	11	196
7	2320	384	14	2	2	0	0	1	1	11	18
7	2320	464	14	2	1	0	1	0	1	11	93
16	2176	568	5	1	11	113
16	2176	504	5	1	11	50
16	2192	488	5	1	11	74
16	2192	536	5	1	11	77
16	2192	584	5	1	11	14
16	2208	488	5	1	11	172
16	2208	536	5	1	11	163
16	2208	584	5	1	11	192
16	2224	504	5	1	11	80
16	2224	520	5	1	11	181
16	2224	552	5	1	11	125
16	2224	568	5	1	11	160
#CELL 1 13
9	2590	360	2	1	1	1	13	69
5	2256	416	22	35	1	1	13	84
17	2688	336	5	1	13	96
#CELL 1 0
5	0	416	22	39	1	1	0	42
8	176	352	11	1	1	1	1	0	17
8	192	352	11	1	1	1	1	0	114
#CELL 1 5
5	624	400	22	29	1	1	5	5
5	1152	416	22	22	1	352	1	5	90
16	1073	320	5	1	5	85
#CELL 1 12
5	2256	416	22	35	1	1	12	23
5	2304	528	22	3	8	1	12	72
5	2352	464	22	8	12	1	12	70
7	2320	384	14	2	2	0	0	1	1	12	127
7	2320	464	14	2	1	0	1	0	1	12	110
#CELL 1 14
5	2256	416	22	35	1	1	14	154
#CELL 1 6
6	1264	384	2	7	2	1	6	7
6	1296	352	2	7	4	1	6	109
6	1328	326	2	7	6	1	6	146
#CELL 2 11
5	2240	593	22	1	4	2	11	58
