[MAP]
3328	656	285	262
[OBJECTS]
# type: 0 = Mario , 1 = Brick, 2 = Goomba, 3 = Koopas,4 = Flower, 5 = Ground, 6 = ColorBox, 7 = Pipe, 8 = QuestionBrick, 9 = WeakBreak, 10 = CloundBrick, 11 = Item, 12 = Bullet, 13 = Effects
# KOOPAS
3	576	350	4	2	2	16	28
3	1328	295	4	1	1	16	28
3	1376	295	4	1	1	16	28
3	1424	295	4	1	1	16	28
3	1472	370	4	2	1	16	28
3	2112	340	4	2	2	16	28
#GOOMBA
2	224	390	3	1	16	16
2	528	397	3	1	16	16
2	832	380	3	1	16	16
2	880	380	3	1	16	16
2	944	375	3	2	16	16
#Flower
4	360	384	6	3	1	16	32
4	1800	384	6	2	3	16	32
4	1864	384	6	3	2	16	32
# BRICK
1	1504	336	2	1	1	16	16
1	1520	336	2	1	1	16	16
1	1568	400	2	1	1	16	16
1	1584	400	2	1	1	16	16
1	1584	384	2	1	1	16	16
1	1600	400	2	1	1	16	16
1	1600	384	2	1	1	16	16
1	1600	368	2	1	1	16	16
1	1664	368	2	1	1	16	16
1	1664	384	2	1	1	16	16
1	1664	400	2	1	1	16	16
1	1680	384	2	1	1	16	16
1	1680	400	2	1	1	16	16
1	1696	400	2	1	1	16	16
1	2256	368	2	1	1	16	16
1	2272	368	2	1	1	16	16
1	2256	304	2	1	1	16	16
1	2272	304	2	1	1	16	16
9	2590	360	2	1	1	16	16
# Weak Brick
9	1440	128	2	1	1	16	16
9	1952	400	2	1	1	16	16
9	1968	400	2	1	1	16	16
9	1968	384	2	1	1	16	16
9	1984	400	2	1	1	16	16
9	1984	384	2	1	1	16	16
9	1984	368	2	1	1	16	16
9	2000	400	2	1	1	16	16
9	2000	384	2	1	1	16	16
9	2000	368	2	1	1	16	16
9	2016	400	2	1	1	16	16
9	2016	384	2	1	1	16	16
9	2016	368	2	1	1	16	16
9	2032	400	2	1	1	16	16
9	2032	384	2	1	1	16	16
9	2032	368	2	1	1	1	16	16
9	2048	400	2	1	1	16	16

9	2096	400	2	1	1	16	16
9	2096	384	2	1	1	16	16
9	2112	400	2	1	1	16	16

# Cloud Brick
10	1407	191	2	4	1
10	1487	175	2	13	1



# ColorBox
6	240	368	2	3	3	48	48
6	270	336	2	3	5	48	80
6	400	368	2	5	3	80	48
6	464	336	2	4	5	64	80
6	512	304	2	4	7	64	112
6	512	384	2	6	2	96	32
6	1264	384	2	7	2	112	32

6	1312	144	2	4	2	64	32

6	1296	352	2	7	4	112	64
6	1328	326	2	7	6	112	96

6	2144	368	2	3	3	48	48
6	2176	272	2	3	9	48	144

# Green Pipe
7	352	368	14	2	3	32	48
7	1792	384	14	2	2	32	32
7	1856	368	14	2	3	32	48

7	2256	384	14	2	2	32	32

7	2256	112	14	2	12	1	0	0	32	192

7	2320	384	14	2	2	0	0	1	32	32

7	2096	464	14	2	1	0	1	1	32	16

7	2320	464	14	2	1	0	1	0	32	16

# Item
#11	175	332	5	1	1	1	1
# Question Brick
8	176	352	11	1	1	1	16	16
8	192	352	11	1	1	1	16	16
8	224	304	11	1	1	1	16	16
8	240	304	11	1	1	1	16	16
8	416	320	11	1	1	2	16	16
8	656	384	11	1	1	2	16	16
8	704	352	11	1	1	1	16	16
8	1472	368	11	1	1	2	16	16

#COIN
16	1073	320	5	16	16
16	1105	288	5	16	16
16	1137	256	5	16	16
16	1169	224	5	16	16
16	1201	192	5	16	16
16	1329	112	5	16	16
16	1345	112	5	16	16
16	1361	112	5	16	16
16	1473	112	5	16	16
16	1489	112	5	16	16
16	1537	128	5	16	16
16	1553	128	5	16	16
16	1569	128	5	16	16
16	1585	128	5	16	16
16	1617	112	5	16	16
16	1633	112	5	16	16
16	1649	112	5	16	16
16	1665	112	5	16	16
16	1697	144	5	16	16
16	1729	112	5	16	16
16	1761	128	5	16	16
16	1809	96	5	16	16
16	1841	128	5	16	16

# HIDDEN Map COin	16	16
16	2176	568	5	16	16
16	2176	504	5	16	16
16	2192	488	5	16	16
16	2192	536	5	16	16
16	2192	584	5	16	16
16	2208	488	5	16	16
16	2208	536	5	16	16
16	2208	584	5	16	16
16	2224	504	5	16	16
16	2224	520	5	16	16
16	2224	552	5	16	16
16	2224	568	5	16	16
# ITEM END GAME=====================================
17	2688	336	5	16	16
